%YAML:1.0
---
R: !!opencv-matrix
   rows: 3
   cols: 3
   dt: d
   data: [ 9.9975212996395901e-01, -1.4265261927398264e-02,
       1.7093300871102706e-02, 1.4014819914604335e-02,
       9.9979397938742731e-01, 1.4682765523351439e-02,
       -1.7299232794795515e-02, -1.4439566572277348e-02,
       9.9974608549467014e-01 ]
T: !!opencv-matrix
   rows: 3
   cols: 1
   dt: d
   data: [ -1.0171947696055041e+02, -1.3070129142854642e-01,
       2.1930401363912790e+00 ]
R1: !!opencv-matrix
   rows: 3
   cols: 3
   dt: d
   data: [ 9.9990991655604755e-01, -1.2666341179680714e-02,
       -4.4410104703654519e-03, 1.2698647079630841e-02,
       9.9989255088672491e-01, 7.3233218955102994e-03,
       4.3477735940312349e-03, -7.3790570100929296e-03,
       9.9996332251858966e-01 ]
R2: !!opencv-matrix
   rows: 3
   cols: 3
   dt: d
   data: [ 9.9976684599544119e-01, 1.2846194436267144e-03,
       -2.1554660777027175e-02, -1.4430499275977767e-03,
       9.9997204828110831e-01, -7.3362295078104253e-03,
       2.1544634024139718e-02, 7.3656234881959680e-03,
       9.9974075456359990e-01 ]
P1: !!opencv-matrix
   rows: 3
   cols: 4
   dt: d
   data: [ 1.3659570911336650e+03, 0., 9.9115361785888672e+02, 0., 0.,
       1.3659570911336650e+03, 5.4030606842041016e+02, 0., 0., 0., 1.,
       0. ]
P2: !!opencv-matrix
   rows: 3
   cols: 4
   dt: d
   data: [ 1.3659570911336650e+03, 0., 9.9115361785888672e+02,
       -1.3897684386836013e+05, 0., 1.3659570911336650e+03,
       5.4030606842041016e+02, 0., 0., 0., 1., 0. ]
Q: !!opencv-matrix
   rows: 4
   cols: 4
   dt: d
   data: [ 1., 0., 0., -9.9115361785888672e+02, 0., 1., 0.,
       -5.4030606842041016e+02, 0., 0., 0., 1.3659570911336650e+03, 0.,
       0., 9.8286667988194444e-03, 0. ]
