%YAML:1.0
---
M1: !!opencv-matrix
   rows: 3
   cols: 3
   dt: d
   data: [ 1.4240260955272386e+03, 0., 9.6372163101912565e+02, 0.,
       1.4284978001249901e+03, 5.2925915959684369e+02, 0., 0., 1. ]
D1: !!opencv-matrix
   rows: 1
   cols: 14
   dt: d
   data: [ -5.7736829701379193e-03, 3.4736798215032222e-01, 0., 0., 0.,
       0., 0., 3.8938342553765454e-01, 0., 0., 0., 0., 0., 0. ]
M2: !!opencv-matrix
   rows: 3
   cols: 3
   dt: d
   data: [ 1.4240260955272386e+03, 0., 9.6734204697865243e+02, 0.,
       1.4284978001249901e+03, 5.5192665853116875e+02, 0., 0., 1. ]
D2: !!opencv-matrix
   rows: 1
   cols: 14
   dt: d
   data: [ 1.0044316906348395e-01, -4.9479029289524201e-01, 0., 0., 0.,
       0., 0., -7.2055338002860092e-01, 0., 0., 0., 0., 0., 0. ]
